1 1.9-7-1.2 1.9-7-1.1 
1|1 1.9-5-1.1 2|1 1.9-5-1.1 1|
1|1 1|1 4_4 4_1 1|1 2|1 1|4 7_3 1|1 1|
1|1 2|1_3 1\2 1/3 1_2|1 2|1 1|3 1/2 3_2 1|2 1|1 1|
1|1 1|2 1|3 1\1/3 1|2 1|1 2|1 1|2 1|2 1(2_1 1\1_1|2 1|1 1|
1|1 1|2 1|1 1|1\2 1/1|1 1|2 1|1 2|1 1|3 1'1.3_1`1-1.3 1|1 1|
1|1 1|1 1_1|1 1|1_1\1/1_1|1 1|1_1 1|1 2|1 1|2 1|1`1\4_1)1 1|2 1|1 1|
1|1 2|5_2|5_2|1 2|1 1|2 1|7_1.1'2 1|1 1|
1|1 1|9 5 1|1 2|1 1|9 5 1|1 1|
1|1 1'9-5-1'1 2|1 1'9-5-1'1 1|
1 1'9-7-1'2 1'9-7-1'1 
1 1.9-7-1.2 1.9-7-1.1 
1|1 1.9-5-1.1 2|1 1.9-5-1.1 1|
1|1 1|5 4_5 1|1 2|1 1|2 9_3 1|1 1|
1|1 1|3 1.1'4 1`1.3 1|1 2|1 1|1 1|1_3 3_2 1|2 1|1 1|
1|1 1|2 1/2 1.2-1.2 1\2 1|1 2|1 1|3 1|1 1|1_2 1\1_1|2 1|1 1|
1|1 1|2 1|1 1|4 1|1 1|2 1|1 2|1 1|3 1|2 1_1|2 1_3 1|1 1|
1|1 1|2 1\2 1`2-1'2 1/2 1|1 2|1 1|2 1_1|1 1|3_1/1 1|2 1|1 1|
1|1 1|3 1`1.4_1.1'3 1|1 2|1 1|1 1|9_1|2 1|1 1|
1|1 1|9 5 1|1 2|1 1|9 5 1|1 1|
1|1 1'9-5-1'1 2|1 1'9-5-1'1 1|
1 1'9-7-1'2 1'9-7-1'1 
1 
